0
[0.967, 0.7609]
1
[1.0189, 0.7831]
2
[0.9702, 0.7561]
3
[0.9638, 0.7557]
4
[0.9601, 0.7617]
5
[0.9469, 0.7415]
6
[0.9404, 0.7367]
7
[0.9386, 0.734]
8
[0.9389, 0.7326]
9
[0.9361, 0.7297]
10
[0.9339, 0.7327]
11
[0.9357, 0.7279]
12
[0.9359, 0.7391]
13
[0.9326, 0.7281]
14
[0.9319, 0.7312]
15
[0.9312, 0.7308]
16
[0.9314, 0.7291]
17
[0.9373, 0.7273]
18
[0.9327, 0.7274]
19
[0.9317, 0.7276]
20
[0.9389, 0.7276]
21
[0.9319, 0.727]
22
[0.9315, 0.7272]
23
[0.931, 0.7305]
24
[0.9359, 0.7268]
25
[0.9311, 0.7314]
26
[0.931, 0.727]
27
[0.9323, 0.7266]
28
[0.9318, 0.7267]
29
[0.9305, 0.7288]
30
[0.9305, 0.7285]
31
[0.9306, 0.7278]
32
[0.9306, 0.7298]
33
[0.9307, 0.7274]
34
[0.9306, 0.7297]
35
[0.9306, 0.7298]
36
[0.9305, 0.7287]
37
[0.9306, 0.7294]
38
[0.9309, 0.7273]
39
[0.9308, 0.7275]
40
[0.9307, 0.7277]
41
[0.9307, 0.7275]
42
[0.9308, 0.7274]
43
[0.9306, 0.7277]
44
[0.9306, 0.728]
45
[0.9305, 0.7285]
46
[0.9307, 0.7276]
47
[0.9305, 0.7283]
48
[0.9305, 0.7287]
49
[0.9305, 0.7281]
50
[0.9306, 0.7278]
51
[0.9306, 0.7278]
52
[0.9305, 0.7284]
53
[0.9307, 0.7276]
54
[0.9308, 0.7273]
55
[0.9307, 0.7275]
56
[0.9307, 0.7276]
57
[0.9306, 0.7278]
58
[0.9305, 0.7281]
59
[0.9307, 0.7275]
60
[0.9307, 0.7276]
61
[0.9305, 0.7282]
62
[0.9306, 0.7277]
63
[0.9305, 0.728]
64
[0.9305, 0.7281]
65
[0.9306, 0.7279]
66
[0.9306, 0.7279]
67
[0.9305, 0.728]
68
[0.9305, 0.728]
69
[0.9305, 0.728]
70
[0.9306, 0.7279]
71
[0.9305, 0.728]
72
[0.9306, 0.7278]
73
[0.9305, 0.728]
74
[0.9306, 0.7279]
75
[0.9306, 0.7279]
76
[0.9306, 0.7279]
77
[0.9305, 0.728]
78
[0.9305, 0.728]
79
[0.9306, 0.7279]
80
[0.9306, 0.7279]
81
[0.9306, 0.7279]
82
[0.9306, 0.7279]
83
[0.9305, 0.728]
84
[0.9305, 0.728]
85
[0.9305, 0.728]
86
[0.9305, 0.728]
87
[0.9305, 0.728]
88
[0.9305, 0.728]
89
[0.9306, 0.7279]
90
[0.9306, 0.7279]
91
[0.9306, 0.7279]
92
[0.9306, 0.7279]
93
[0.9306, 0.7279]
94
[0.9306, 0.7279]
95
[0.9306, 0.7279]
96
[0.9306, 0.7279]
97
[0.9306, 0.7279]
98
[0.9306, 0.7279]
99
[0.9306, 0.7279]
NOMU0
[0.9711, 0.7649]
1
[0.9668, 0.7589]
2
[0.9664, 0.7615]
3
[0.9617, 0.7558]
4
[0.9517, 0.7472]
5
[0.9444, 0.7416]
6
[0.9398, 0.7371]
7
[0.9393, 0.7349]
8
[0.9343, 0.7318]
9
[0.9364, 0.7318]
10
[0.9347, 0.732]
11
[0.9343, 0.7329]
12
[0.9327, 0.7302]
13
[0.9317, 0.7296]
14
[0.9317, 0.7294]
15
[0.9312, 0.729]
16
[0.9311, 0.7285]
17
[0.9312, 0.7288]
18
[0.9308, 0.7281]
19
[0.9309, 0.7285]
20
[0.9308, 0.7281]
21
[0.9308, 0.728]
22
[0.931, 0.7283]
23
[0.9308, 0.7282]
24
[0.9307, 0.7281]
25
[0.9306, 0.7279]
26
[0.9308, 0.728]
27
[0.9307, 0.7282]
28
[0.9307, 0.728]
29
[0.9307, 0.7281]
30
[0.9307, 0.728]
31
[0.9307, 0.728]
32
[0.9307, 0.728]
33
[0.9307, 0.728]
34
[0.9307, 0.728]
35
[0.9307, 0.728]
36
[0.9307, 0.728]
37
[0.9307, 0.728]
38
[0.9307, 0.728]
39
[0.9307, 0.728]
40
[0.9307, 0.728]
41
[0.9307, 0.728]
42
[0.9307, 0.728]
43
[0.9307, 0.728]
44
[0.9307, 0.728]
45
[0.9307, 0.728]
46
[0.9307, 0.728]
47
[0.9307, 0.728]
48
[0.9307, 0.728]
49
[0.9307, 0.728]
50
[0.9307, 0.728]
51
[0.9307, 0.728]
52
[0.9307, 0.728]
53
[0.9307, 0.728]
54
[0.9307, 0.728]
55
[0.9307, 0.728]
56
[0.9307, 0.728]
57
[0.9307, 0.728]
58
[0.9307, 0.728]
59
[0.9307, 0.728]
60
[0.9307, 0.728]
61
[0.9307, 0.728]
62
[0.9307, 0.728]
63
[0.9307, 0.728]
64
[0.9307, 0.728]
65
[0.9307, 0.728]
66
[0.9307, 0.728]
67
[0.9307, 0.728]
68
[0.9307, 0.728]
69
[0.9307, 0.728]
70
[0.9307, 0.728]
71
[0.9307, 0.728]
72
[0.9307, 0.728]
73
[0.9307, 0.728]
74
[0.9307, 0.728]
75
[0.9307, 0.728]
76
[0.9307, 0.728]
77
[0.9307, 0.728]
78
[0.9307, 0.728]
79
[0.9307, 0.728]
80
[0.9307, 0.728]
81
[0.9307, 0.728]
82
[0.9307, 0.728]
83
[0.9307, 0.728]
84
[0.9307, 0.728]
85
[0.9307, 0.728]
86
[0.9307, 0.728]
87
[0.9307, 0.728]
88
[0.9307, 0.728]
89
[0.9307, 0.728]
90
[0.9307, 0.728]
91
[0.9307, 0.728]
92
[0.9307, 0.728]
93
[0.9307, 0.728]
94
[0.9307, 0.728]
95
[0.9307, 0.728]
96
[0.9307, 0.728]
97
[0.9307, 0.728]
98
[0.9307, 0.728]
99
[0.9307, 0.728]
