NOBI
0
[0.962, 0.7604]
1
[0.9615, 0.7599]
2
[0.9569, 0.7554]
3
[0.9463, 0.7443]
4
[0.9428, 0.7404]
5
[0.942, 0.7392]
6
[0.9421, 0.7388]
7
[0.9418, 0.7379]
8
[0.9428, 0.7385]
9
[0.9427, 0.7384]
10
[0.9422, 0.7381]
11
[0.9429, 0.7383]
12
[0.9433, 0.7384]
13
[0.9435, 0.7385]
14
[0.9435, 0.7387]
15
[0.9436, 0.7385]
16
[0.9439, 0.7386]
17
[0.9441, 0.7388]
18
[0.9441, 0.7388]
19
[0.9443, 0.7388]
20
[0.9445, 0.7389]
21
[0.9447, 0.7389]
22
[0.9446, 0.7389]
23
[0.9447, 0.7389]
24
[0.9449, 0.739]
25
[0.9452, 0.7391]
26
[0.9453, 0.7392]
27
[0.9454, 0.7392]
28
[0.9453, 0.7392]
29
[0.9453, 0.7391]
30
[0.9455, 0.7392]
31
[0.9455, 0.7393]
32
[0.9457, 0.7393]
33
[0.9457, 0.7393]
34
[0.9457, 0.7393]
35
[0.9457, 0.7393]
36
[0.9458, 0.7393]
37
[0.9459, 0.7394]
38
[0.9459, 0.7394]
39
[0.946, 0.7395]
40
[0.9461, 0.7395]
41
[0.9461, 0.7395]
42
[0.9461, 0.7395]
43
[0.9462, 0.7395]
44
[0.9462, 0.7396]
45
[0.9462, 0.7396]
46
[0.9463, 0.7396]
47
[0.9463, 0.7396]
48
[0.9463, 0.7396]
49
[0.9464, 0.7396]
50
[0.9464, 0.7396]
51
[0.9464, 0.7396]
52
[0.9464, 0.7396]
53
[0.9465, 0.7396]
54
[0.9465, 0.7397]
55
[0.9465, 0.7397]
56
[0.9465, 0.7397]
57
[0.9465, 0.7397]
58
[0.9465, 0.7397]
59
[0.9465, 0.7397]
60
[0.9465, 0.7397]
61
[0.9465, 0.7397]
62
[0.9466, 0.7397]
63
[0.9466, 0.7397]
64
[0.9466, 0.7397]
65
[0.9466, 0.7397]
66
[0.9466, 0.7397]
67
[0.9466, 0.7397]
68
[0.9466, 0.7397]
69
[0.9466, 0.7397]
70
[0.9467, 0.7397]
71
[0.9467, 0.7397]
72
[0.9467, 0.7398]
73
[0.9467, 0.7398]
74
[0.9467, 0.7398]
75
[0.9467, 0.7398]
76
[0.9467, 0.7398]
77
[0.9467, 0.7398]
78
[0.9467, 0.7398]
79
[0.9467, 0.7398]
80
[0.9467, 0.7398]
81
[0.9467, 0.7398]
82
[0.9467, 0.7398]
83
[0.9467, 0.7398]
84
[0.9467, 0.7398]
85
[0.9467, 0.7398]
86
[0.9467, 0.7398]
87
[0.9467, 0.7398]
88
[0.9467, 0.7398]
89
[0.9467, 0.7398]
90
[0.9467, 0.7398]
91
[0.9467, 0.7398]
92
[0.9467, 0.7398]
93
[0.9468, 0.7398]
94
[0.9468, 0.7398]
95
[0.9468, 0.7398]
96
[0.9468, 0.7398]
97
[0.9468, 0.7398]
98
[0.9468, 0.7398]
99
[0.9468, 0.7398]
