NOBI
0
[0.962, 0.7604]
1
[0.9616, 0.76]
2
[0.9583, 0.7567]
3
[0.9492, 0.7472]
4
[0.944, 0.7416]
5
[0.9427, 0.7399]
6
[0.942, 0.7388]
7
[0.9417, 0.7383]
8
[0.942, 0.7381]
9
[0.9421, 0.7381]
10
[0.9423, 0.738]
11
[0.9424, 0.738]
12
[0.9425, 0.738]
13
[0.9426, 0.738]
14
[0.9428, 0.7381]
15
[0.943, 0.7382]
16
[0.9431, 0.7382]
17
[0.9432, 0.7383]
18
[0.9433, 0.7383]
19
[0.9433, 0.7383]
20
[0.9434, 0.7383]
21
[0.9434, 0.7383]
22
[0.9435, 0.7383]
23
[0.9436, 0.7383]
24
[0.9436, 0.7384]
25
[0.9436, 0.7384]
26
[0.9437, 0.7384]
27
[0.9437, 0.7384]
28
[0.9437, 0.7384]
29
[0.9438, 0.7384]
30
[0.9438, 0.7384]
31
[0.9438, 0.7384]
32
[0.9438, 0.7384]
33
[0.9439, 0.7384]
34
[0.9439, 0.7384]
35
[0.9439, 0.7384]
36
[0.9439, 0.7384]
37
[0.9439, 0.7384]
38
[0.9439, 0.7384]
39
[0.9439, 0.7385]
40
[0.9439, 0.7385]
41
[0.9439, 0.7385]
42
[0.944, 0.7385]
43
[0.944, 0.7385]
44
[0.944, 0.7385]
45
[0.944, 0.7385]
46
[0.944, 0.7385]
47
[0.944, 0.7385]
48
[0.944, 0.7385]
49
[0.944, 0.7385]
50
[0.944, 0.7385]
51
[0.944, 0.7385]
52
[0.944, 0.7385]
53
[0.944, 0.7385]
54
[0.944, 0.7385]
55
[0.944, 0.7385]
56
[0.944, 0.7385]
57
[0.944, 0.7385]
58
[0.944, 0.7385]
59
[0.944, 0.7385]
60
[0.944, 0.7385]
61
[0.944, 0.7385]
62
[0.944, 0.7385]
63
[0.944, 0.7385]
64
[0.944, 0.7385]
65
[0.944, 0.7385]
66
[0.944, 0.7385]
67
[0.944, 0.7385]
68
[0.944, 0.7385]
69
[0.944, 0.7385]
70
[0.944, 0.7385]
71
[0.944, 0.7385]
72
[0.944, 0.7385]
73
[0.944, 0.7385]
74
[0.944, 0.7385]
75
[0.944, 0.7385]
76
[0.944, 0.7385]
77
[0.944, 0.7385]
78
[0.944, 0.7385]
79
[0.944, 0.7385]
80
[0.944, 0.7385]
81
[0.944, 0.7385]
82
[0.944, 0.7385]
83
[0.944, 0.7385]
84
[0.944, 0.7385]
85
[0.944, 0.7385]
86
[0.944, 0.7385]
87
[0.944, 0.7385]
88
[0.944, 0.7385]
89
[0.944, 0.7385]
90
[0.944, 0.7385]
91
[0.944, 0.7385]
92
[0.944, 0.7385]
93
[0.944, 0.7385]
94
[0.944, 0.7385]
95
[0.944, 0.7385]
96
[0.944, 0.7385]
97
[0.944, 0.7385]
98
[0.944, 0.7385]
99
[0.944, 0.7385]
