0
[0.9587, 0.7526]
1
[0.9569, 0.7537]
2
[0.9575, 0.7512]
3
[0.9616, 0.7651]
4
[0.956, 0.7523]
5
[0.9555, 0.7525]
6
[0.9559, 0.7508]
7
[0.9558, 0.7509]
8
[0.9566, 0.7572]
9
[0.9553, 0.7522]
10
[0.9552, 0.7528]
11
[0.9552, 0.752]
12
[0.9552, 0.7533]
13
[0.9551, 0.7512]
14
[0.9551, 0.7516]
15
[0.9561, 0.7566]
16
[0.957, 0.7493]
17
[0.9565, 0.7574]
18
[0.9553, 0.7507]
19
[0.9549, 0.7516]
20
[0.9555, 0.7502]
21
[0.9551, 0.751]
22
[0.9553, 0.7505]
23
[0.955, 0.7511]
24
[0.9549, 0.7517]
25
[0.955, 0.7536]
26
[0.9555, 0.7502]
27
[0.9549, 0.7514]
28
[0.9552, 0.7507]
29
[0.9557, 0.75]
30
[0.9549, 0.7529]
31
[0.9552, 0.7506]
32
[0.955, 0.751]
33
[0.9549, 0.7516]
34
[0.9549, 0.7517]
35
[0.9552, 0.7506]
36
[0.9549, 0.7518]
37
[0.955, 0.751]
38
[0.9549, 0.7512]
39
[0.9549, 0.7513]
40
[0.9551, 0.7508]
41
[0.9553, 0.7504]
42
[0.9548, 0.7519]
43
[0.955, 0.7511]
44
[0.9549, 0.7513]
45
[0.955, 0.7512]
46
[0.9549, 0.7517]
47
[0.955, 0.7512]
48
[0.9549, 0.7515]
49
[0.9549, 0.7514]
50
[0.9549, 0.7514]
51
[0.9549, 0.7515]
52
[0.9549, 0.7513]
53
[0.9549, 0.7512]
54
[0.9549, 0.7512]
55
[0.955, 0.7511]
56
[0.9549, 0.7513]
57
[0.9549, 0.7514]
58
[0.9549, 0.7514]
59
[0.9549, 0.7514]
60
[0.9549, 0.7514]
61
[0.9549, 0.7513]
62
[0.9549, 0.7514]
63
[0.9549, 0.7514]
64
[0.9549, 0.7514]
65
[0.9549, 0.7514]
66
[0.9549, 0.7514]
67
[0.9549, 0.7514]
68
[0.9549, 0.7514]
69
[0.9549, 0.7513]
70
[0.9549, 0.7513]
71
[0.9549, 0.7514]
72
[0.9549, 0.7514]
73
[0.9549, 0.7514]
74
[0.9549, 0.7514]
75
[0.9549, 0.7514]
76
[0.9549, 0.7514]
77
[0.9549, 0.7514]
78
[0.9549, 0.7514]
79
[0.9549, 0.7514]
80
[0.9549, 0.7514]
81
[0.9549, 0.7514]
82
[0.9549, 0.7514]
83
[0.9549, 0.7514]
84
[0.9549, 0.7514]
85
[0.9549, 0.7514]
86
[0.9549, 0.7514]
87
[0.9549, 0.7514]
88
[0.9549, 0.7514]
89
[0.9549, 0.7514]
90
[0.9549, 0.7514]
91
[0.9549, 0.7514]
92
[0.9549, 0.7514]
93
[0.9549, 0.7514]
94
[0.9549, 0.7514]
95
[0.9549, 0.7514]
96
[0.9549, 0.7514]
97
[0.9549, 0.7514]
98
[0.9549, 0.7514]
99
[0.9549, 0.7514]
NOMU0
[0.9583, 0.755]
1
[0.9571, 0.7542]
2
[0.9567, 0.7535]
3
[0.9561, 0.7526]
4
[0.9561, 0.7526]
5
[0.9557, 0.7524]
6
[0.9555, 0.7518]
7
[0.9555, 0.752]
8
[0.9554, 0.7519]
9
[0.9554, 0.752]
10
[0.9552, 0.7517]
11
[0.9553, 0.7518]
12
[0.9553, 0.7518]
13
[0.9551, 0.7517]
14
[0.9551, 0.7516]
15
[0.9551, 0.7515]
16
[0.9551, 0.7515]
17
[0.9551, 0.7515]
18
[0.9551, 0.7515]
19
[0.955, 0.7515]
20
[0.955, 0.7514]
21
[0.955, 0.7514]
22
[0.955, 0.7514]
23
[0.955, 0.7514]
24
[0.955, 0.7514]
25
[0.955, 0.7514]
26
[0.955, 0.7514]
27
[0.955, 0.7514]
28
[0.955, 0.7514]
29
[0.9549, 0.7514]
30
[0.9549, 0.7514]
31
[0.9549, 0.7514]
32
[0.9549, 0.7514]
33
[0.9549, 0.7514]
34
[0.9549, 0.7514]
35
[0.9549, 0.7514]
36
[0.9549, 0.7514]
37
[0.9549, 0.7514]
38
[0.9549, 0.7514]
39
[0.9549, 0.7514]
40
[0.9549, 0.7514]
41
[0.9549, 0.7514]
42
[0.9549, 0.7514]
43
[0.9549, 0.7514]
44
[0.9549, 0.7514]
45
[0.9549, 0.7514]
46
[0.9549, 0.7514]
47
[0.9549, 0.7514]
48
[0.9549, 0.7514]
49
[0.9549, 0.7514]
50
[0.9549, 0.7514]
51
[0.9549, 0.7514]
52
[0.9549, 0.7514]
53
[0.9549, 0.7514]
54
[0.9549, 0.7514]
55
[0.9549, 0.7514]
56
[0.9549, 0.7514]
57
[0.9549, 0.7514]
58
[0.9549, 0.7514]
59
[0.9549, 0.7514]
60
[0.9549, 0.7514]
61
[0.9549, 0.7514]
62
[0.9549, 0.7514]
63
[0.9549, 0.7514]
64
[0.9549, 0.7514]
65
[0.9549, 0.7514]
66
[0.9549, 0.7514]
67
[0.9549, 0.7514]
68
[0.9549, 0.7514]
69
[0.9549, 0.7514]
70
[0.9549, 0.7514]
71
[0.9549, 0.7514]
72
[0.9549, 0.7514]
73
[0.9549, 0.7514]
74
[0.9549, 0.7514]
75
[0.9549, 0.7514]
76
[0.9549, 0.7514]
77
[0.9549, 0.7514]
78
[0.9549, 0.7514]
79
[0.9549, 0.7514]
80
[0.9549, 0.7514]
81
[0.9549, 0.7514]
82
[0.9549, 0.7514]
83
[0.9549, 0.7514]
84
[0.9549, 0.7514]
85
[0.9549, 0.7514]
86
[0.9549, 0.7514]
87
[0.9549, 0.7514]
88
[0.9549, 0.7514]
89
[0.9549, 0.7514]
90
[0.9549, 0.7514]
91
[0.9549, 0.7514]
92
[0.9549, 0.7514]
93
[0.9549, 0.7514]
94
[0.9549, 0.7514]
95
[0.9549, 0.7514]
96
[0.9549, 0.7514]
97
[0.9549, 0.7514]
98
[0.9549, 0.7514]
99
[0.9549, 0.7514]
NOBI
0
[0.962, 0.7604]
1
[0.962, 0.7604]
2
[0.962, 0.7604]
3
[0.962, 0.7604]
4
[0.962, 0.7604]
5
[0.962, 0.7603]
6
[0.9619, 0.7603]
7
[0.9619, 0.7603]
8
[0.9619, 0.7603]
9
[0.9619, 0.7603]
10
[0.9619, 0.7602]
11
[0.9618, 0.7602]
12
[0.9618, 0.7602]
13
[0.9618, 0.7602]
14
[0.9618, 0.7601]
15
[0.9617, 0.7601]
16
[0.9617, 0.7601]
17
[0.9617, 0.7601]
18
[0.9617, 0.76]
19
[0.9616, 0.76]
20
[0.9616, 0.76]
21
[0.9616, 0.7599]
22
[0.9616, 0.7599]
23
[0.9615, 0.7599]
24
[0.9615, 0.7599]
25
[0.9615, 0.7599]
26
[0.9615, 0.7598]
27
[0.9615, 0.7598]
28
[0.9614, 0.7598]
29
[0.9614, 0.7598]
30
[0.9614, 0.7598]
31
[0.9614, 0.7598]
32
[0.9614, 0.7597]
33
[0.9614, 0.7597]
34
[0.9614, 0.7597]
35
[0.9614, 0.7597]
36
[0.9613, 0.7597]
37
[0.9613, 0.7597]
38
[0.9613, 0.7597]
39
[0.9613, 0.7597]
40
[0.9613, 0.7597]
41
[0.9613, 0.7597]
42
[0.9613, 0.7597]
43
[0.9613, 0.7597]
44
[0.9613, 0.7597]
45
[0.9613, 0.7597]
46
[0.9613, 0.7597]
47
[0.9613, 0.7597]
48
[0.9613, 0.7597]
49
[0.9613, 0.7597]
50
[0.9613, 0.7596]
51
[0.9613, 0.7596]
52
[0.9613, 0.7596]
53
[0.9613, 0.7596]
54
[0.9613, 0.7596]
55
[0.9613, 0.7596]
56
[0.9613, 0.7596]
57
[0.9613, 0.7596]
58
[0.9613, 0.7596]
59
[0.9613, 0.7596]
60
[0.9613, 0.7596]
61
[0.9613, 0.7596]
62
[0.9613, 0.7596]
63
[0.9613, 0.7596]
64
[0.9613, 0.7596]
65
[0.9613, 0.7596]
66
[0.9613, 0.7596]
67
[0.9613, 0.7596]
68
[0.9613, 0.7596]
69
[0.9613, 0.7596]
70
[0.9613, 0.7596]
71
[0.9613, 0.7596]
72
[0.9613, 0.7596]
73
[0.9613, 0.7596]
74
[0.9613, 0.7596]
75
[0.9613, 0.7596]
76
[0.9613, 0.7596]
77
[0.9613, 0.7596]
78
[0.9613, 0.7596]
79
[0.9613, 0.7596]
80
[0.9613, 0.7596]
81
[0.9613, 0.7596]
82
[0.9613, 0.7596]
83
[0.9613, 0.7596]
84
[0.9613, 0.7596]
85
[0.9613, 0.7596]
86
[0.9613, 0.7596]
87
[0.9613, 0.7596]
88
[0.9613, 0.7596]
89
[0.9613, 0.7596]
90
[0.9613, 0.7596]
91
[0.9613, 0.7596]
92
[0.9613, 0.7596]
93
[0.9613, 0.7596]
94
[0.9613, 0.7596]
95
[0.9613, 0.7596]
96
[0.9613, 0.7596]
97
[0.9613, 0.7596]
98
[0.9613, 0.7596]
99
[0.9613, 0.7596]
